96 254 176 254 30 60 ! top T 1
136 254 136 144 0 30 ! down T 2
200 144 200 254 0 60 ! left H 3
264 254 264 144 0 60 ! right H 4
296 144 336 254 0 30 ! left A 5
336 254 378 144 30 60 ! right A 6
408 144 408 254 0 20 ! left N 7
408 254 478 144 20 40 ! mid N 8
478 144 478 254 40 60 ! right N 9
520 254 520 144 40 60 ! k Side 10
574 144 520 202 0 30 ! bottom K 11
520 202 574 254 30 60 ! top K 12
700 184 700 260 20 60 ! top ! 13
700 144 700 166 0 10 ! dot ! 14
638 144 600 150 50 60 ! S start bottom 15
662 182 638 144 40 50 !  16
598 220 662 182 20 40 !  17
618 254 598 220 10 20 !  18
656 248 618 254 0 10 ! S end top 19
264 200 200 200 20 40 ! mid H 20
310 178 364 178 10 50 ! mid A 21
